[gd_scene load_steps=5 format=3 uid="uid://ck72qymgj0awg"]

[ext_resource type="Script" uid="uid://krli7jl26b2q" path="res://addons/road-generator/nodes/road_manager.gd" id="1_axy0a"]
[ext_resource type="Material" uid="uid://dpashsuk5lr4x" path="res://addons/road-generator/resources/road_texture.material" id="2_gjq32"]
[ext_resource type="Script" uid="uid://bod027pxpx28l" path="res://addons/road-generator/nodes/road_container.gd" id="3_ye47y"]
[ext_resource type="Script" uid="uid://cgv1qcg5hf3l" path="res://addons/road-generator/nodes/road_point.gd" id="4_gqjy8"]

[node name="Node3D" type="Node3D"]

[node name="RoadManager" type="Node3D" parent="."]
script = ExtResource("1_axy0a")
material_resource = ExtResource("2_gjq32")
metadata/_custom_type_script = "uid://krli7jl26b2q"

[node name="Road_001" type="Node3D" parent="RoadManager"]
script = ExtResource("3_ye47y")
use_lowpoly_preview = true
edge_containers = Array[NodePath]([NodePath(""), NodePath("")])
edge_rp_targets = Array[NodePath]([NodePath(""), NodePath("")])
edge_rp_target_dirs = Array[int]([-1, -1])
edge_rp_locals = Array[NodePath]([NodePath("Node3D"), NodePath("Node3D005")])
edge_rp_local_dirs = Array[int]([0, 1])

[node name="Node3D" type="Node3D" parent="RoadManager/Road_001"]
transform = Transform3D(0.999972, 9.64151e-05, -0.00747909, 0, 0.999917, 0.0128902, 0.00747971, -0.0128899, 0.999889, 0.182452, 0.25, -24.3922)
script = ExtResource("4_gqjy8")
traffic_dir = Array[int]([2, 2, 1, 1])
lanes = Array[int]([2, 4, 4, 2])
prior_mag = 16.0
next_mag = 114.525
prior_pt_init = NodePath("../Node3D001")

[node name="Node3D001" type="Node3D" parent="RoadManager/Road_001"]
transform = Transform3D(0.581715, 0.00621784, -0.813369, 0.00650083, 0.999903, 0.0122932, 0.813367, -0.0124387, 0.581618, 110.164, -2.10044, -225.296)
script = ExtResource("4_gqjy8")
traffic_dir = Array[int]([2, 2, 1, 1])
lanes = Array[int]([2, 4, 4, 2])
prior_mag = 101.502
next_mag = 114.525
prior_pt_init = NodePath("../Node3D002")
next_pt_init = NodePath("../Node3D")

[node name="Node3D002" type="Node3D" parent="RoadManager/Road_001"]
transform = Transform3D(-0.969961, 0.00048611, 0.243258, -0.00270932, 0.999914, -0.0128012, -0.243244, -0.0130757, -0.969877, 89.4762, 0.968627, -23.3728)
script = ExtResource("4_gqjy8")
traffic_dir = Array[int]([2, 2, 1, 1])
lanes = Array[int]([2, 4, 4, 2])
prior_mag = 47.5688
next_mag = 101.502
prior_pt_init = NodePath("../Node3D003")
next_pt_init = NodePath("../Node3D001")

[node name="Node3D003" type="Node3D" parent="RoadManager/Road_001"]
transform = Transform3D(-0.442402, -0.00343581, 0.89681, -0.0115115, 0.999932, -0.00184782, -0.896743, -0.0111411, -0.442412, 26.6366, 2.18316, 48.0481)
script = ExtResource("4_gqjy8")
traffic_dir = Array[int]([2, 2, 1, 1])
lanes = Array[int]([2, 4, 4, 2])
prior_mag = 42.4559
next_mag = 47.5688
prior_pt_init = NodePath("../Node3D004")
next_pt_init = NodePath("../Node3D002")

[node name="Node3D004" type="Node3D" parent="RoadManager/Road_001"]
transform = Transform3D(0.597267, -0.00697145, 0.802012, -0.00688369, 0.999881, 0.0138178, -0.802013, -0.0137737, 0.597148, -56.924, 1.97793, 32.9598)
script = ExtResource("4_gqjy8")
traffic_dir = Array[int]([2, 2, 1, 1])
lanes = Array[int]([2, 4, 4, 2])
prior_mag = 65.788
next_mag = 42.4559
prior_pt_init = NodePath("../Node3D005")
next_pt_init = NodePath("../Node3D003")

[node name="Node3D005" type="Node3D" parent="RoadManager/Road_001"]
transform = Transform3D(0.961606, -0.00623392, -0.274364, 0.0104823, 0.999847, 0.0140209, 0.274234, -0.0163586, 0.961524, -84.1749, 0.264908, -95.7522)
script = ExtResource("4_gqjy8")
traffic_dir = Array[int]([2, 2, 1, 1])
lanes = Array[int]([2, 4, 4, 2])
prior_mag = 65.788
next_mag = 65.788
next_pt_init = NodePath("../Node3D004")
